Kakahaia/kakahaia_slope.txt
ncols         161
nrows         106
xllcorner     470091.40912566
yllcorner     79970.774566522
cellsize      15
NODATA_value  -9999
[rows 52 to 77 of 106, columns 0 to 58 of 161]
0.05171795 0.04847024 0.02744194 0.04322996 0.03777868 0.01346354 0.04247807 0.04079781 0.018761 0.03240895 0.02385873 0.01598379 0.03766605 0.04116809 0.05524193 0.03690917 0.0203995 0.02965014 0.04972673 0.0300277 0.03761654 0.01894189 0.01694042 0.06368046 0.02827147 0.0606984 0.04609735 0.03815149 0.05467309 0.08680224 0.06469281 0.03911871 0.07717396 0.0697547 0.0402556 0.04489869 0.02672381 0.02345899 0.03468119 0.02852473 0.01716882 0.02959942 0.01725713 0.004367805 0.03798898 0.06049291 0.05484695 0.03995505 0.02782719 0.05659422 0.06143939 0.06141033 0.05858766 0.06524163 0.06440952 0.04727693 0.03883018 0.04477108 0.05700765
0.03411154 0.01135917 0.01669234 0.02849488 0.06057732 0.04395382 0.03828778 0.05405264 0.05563071 0.02556232 0.04820697 0.02442473 0.04003695 0.01949891 0.03186141 0.05704136 0.05054174 0.06176981 0.08605563 0.04922764 0.008285977 0.02637851 0.04271824 0.04161125 0.02554467 0.08236411 0.05267246 0.06578745 0.04582859 0.03888838 0.06861073 0.05422854 0.02040574 0.01759117 0.03987936 0.05911779 0.06654949 0.0657576 0.0727027 0.05960803 0.03105507 0.0204596 0.02421319 0.02470798 0.01460391 0.05617533 0.1343258 0.1574539 0.1007541 0.0631252 0.04349345 0.05067687 0.02319944 0.03920515 0.01995861 0.05035033 0.05720018 0.05175322 0.08429427
0.05903169 0.03429257 0.0177354 0.02422282 0.04485388 0.03206223 0.04457959 0.04416764 0.04373152 0.02921886 0.02524445 0.03221195 0.04643134 0.03190606 0.04527168 0.0616171 0.03900041 0.01942619 0.04189545 0.0655724 0.05066498 0.02985653 0.01460281 0.01587319 0.02941536 0.05962756 0.02903258 0.02673124 0.02530678 0.0174597 0.0234738 0.04268055 0.02302936 0.03595012 0.03852199 0.02451617 0.02508936 0.04361432 0.02815763 0.02140774 0.02961488 0.03727191 0.02332191 0.02515046 0.008585158 0.05782498 0.05325108 0.05098515 0.09162728 0.07375507 0.04988857 0.05839123 0.09136755 0.1009892 0.02188247 0.0436519 0.05439866 0.05955512 0.03057427
0.01836385 0.088498 0.105483 0.09067234 0.02011069 0.02485535 0.04342412 0.01040858 0.03754089 0.04367169 0.01963836 0.01996189 0.05769278 0.05357376 0.04370294 0.02923491 0.07311399 0.1005214 0.06814431 0.02214698 0.03399752 0.06544525 0.06561854 0.06534895 0.06718612 0.0240952 0.04662569 0.05621519 0.03993281 0.02115611 0.02589713 0.05882319 0.0333649 0.01423762 0.01599602 0.03669002 0.03825029 0.02751604 0.03602211 0.01856249 0.04710811 0.09211643 0.1185975 0.1181253 0.1108817 0.05254494 0.04893056 0.0318821 0.0138711 0.03661684 0.03437906 0.005949439 0.02244091 0.1032519 0.1065459 0.07774656 0.05724678 0.08399078 0.06563567
-9999 -9999 0.05966517 0.1142859 0.0412724 0.03584935 0.09206572 0.1180567 0.07456261 0.04988034 0.04737703 0.0149655 0.03420074 0.05975984 0.04391033 0.03180944 0.0496528 0.04597289 0.05218307 0.02337167 0.01646565 0.004767193 0.01206175 0.02457324 0.01900043 0.05473675 0.04034258 0.0108979 0.007758235 0.0358924 0.02918301 0.07556705 0.09813117 0.1081291 0.1088843 0.1054924 0.1163832 0.125169 0.08853755 0.06082123 0.03294348 0.01445903 0.02012862 0.006980018 0.0415873 0.0886435 0.05414446 0.01928125 0.01424605 0.01430884 0.02963727 0.0162948 0.03705958 0.04273739 0.07670115 0.03118253 0.03321432 0.0139682 0.06034603
-9999 -9999 -9999 -9999 -9999 -9999 0.1311403 0.1200943 0.06510187 0.07084469 0.0968756 0.08124739 0.02365962 0.01532044 0.05381642 0.04844157 0.03352423 0.0203889 0.04393206 0.03531254 0.03192631 0.0342078 0.0330435 0.02832853 0.02170838 0.02468273 0.04352302 0.03724526 0.02172921 0.01058814 0.0508062 0.02610605 0.0196561 0.02847189 0.0219881 0.01499362 0.04220026 0.03889078 0.0277352 0.03001077 0.05410956 0.02473465 0.01453215 0.02097305 0.03648106 0.02205724 0.0606408 0.06907682 0.06052866 0.05126682 0.04169196 0.02813382 0.04231491 0.04269302 0.05627156 0.04338412 0.01826809 0.05636948 0.01094089
-9999 -9999 -9999 -9999 -9999 -9999 -9999 -9999 0.02665483 0.03535701 0.09256381 0.1276762 0.1512958 0.1249057 0.05077166 0.03578972 0.07925566 0.06825548 0.01169317 0.03202228 0.006474544 0.005105691 0.02341645 0.0443269 0.0371816 0.04261362 0.06049493 0.03943704 0.006842378 0.0196329 0.03241644 0.07220513 0.04934624 0.03106883 0.0361623 0.02895833 0.03507131 0.02319784 0.02128522 0.03578111 0.01546585 0.0383855 0.03810147 0.02250774 0.02500806 0.02145758 0.03976609 0.06793679 0.05145044 0.03831113 0.07128378 0.05998934 0.01410267 0.005210731 0.05822262 0.1006762 0.09141892 0.06662391 0.022886
-9999 -9999 -9999 -9999 -9999 -9999 -9999 -9999 -9999 -9999 -9999 0.06089719 0.06966861 0.08200718 0.08652206 0.07151158 0.04674858 0.07704866 0.07240293 0.03512779 0.003546532 0.00632202 0.001898339 0.03702799 0.04327187 0.03893659 0.05140404 0.01175854 0.03534764 0.02932805 0.05527492 0.0347071 0.03706684 0.01895877 0.02605167 0.01852022 0.02323573 0.02536255 0.02984632 0.0535504 0.03941824 0.007989191 0.0306317 0.01205773 0.004138444 0.0215909 0.05240304 0.02517932 0.03145099 0.02100867 0.01619462 0.06311233 0.04162787 0.03867352 0.03066682 0.03408343 0.06732204 0.05906791 0.03528084
-9999 -9999 -9999 -9999 -9999 -9999 -9999 -9999 -9999 -9999 -9999 -9999 0.04234359 0.0354551 0.009707696 0.1036554 0.1616199 0.1043909 0.06942102 0.05390844 0.05725482 0.03841427 0.0186381 0.02466413 0.02809306 0.01451345 0.04559274 0.03386305 0.03848429 0.008706934 0.03956237 0.05262618 0.04397415 0.03719109 0.03900107 0.02065451 0.03621316 0.009466208 0.04357133 0.0453176 0.02170829 0.01840575 0.01915155 0.02124624 0.01065486 0.01842049 0.02873742 0.02061548 0.01490715 0.01528663 0.01890047 0.02157277 0.06700008 0.0460708 0.02179997 0.03617289 0.01801557 0.03188265 0.04427677
-9999 -9999 -9999 -9999 -9999 -9999 -9999 -9999 -9999 -9999 -9999 -9999 -9999 -9999 -9999 0.03960063 0.129998 0.09678302 0.07731912 0.09258998 0.0748933 0.04923945 0.02348506 0.01674512 0.02630534 0.03191527 0.03801581 0.03634231 0.04066799 0.05587173 0.0489071 0.04930248 0.04990444 0.02200976 0.01864566 0.03117681 0.04020575 0.03474358 0.0558447 0.03574872 0.03237787 0.02939249 0.01815322 0.04801434 0.03097002 0.01346365 0.03184066 0.0224875 0.02420033 0.01462813 0.04795884 0.02263671 0.02234699 0.05580933 0.05487135 0.04575523 0.006274763 0.009779264 0.05003729
-9999 -9999 -9999 -9999 -9999 -9999 -9999 -9999 -9999 -9999 -9999 -9999 -9999 -9999 -9999 -9999 -9999 -9999 -9999 0.04581073 0.05263847 0.0564356 0.003128442 0.04315106 0.04929218 0.03753112 0.03448339 0.0387531 0.04082312 0.03182674 0.01623144 0.01824886 0.0434111 0.06113058 0.06034038 0.04564522 0.04581812 0.04234371 0.01128186 0.04943448 0.05378304 0.05155145 0.01202576 0.04896009 0.02700572 0.01465091 0.03622454 0.004689898 0.02312737 0.03092555 0.03215898 0.03484207 0.0187559 0.02419287 0.0377208 0.05021731 0.05318778 0.04756077 0.06335111
-9999 -9999 -9999 -9999 -9999 -9999 -9999 -9999 -9999 -9999 -9999 -9999 -9999 -9999 -9999 -9999 -9999 -9999 -9999 -9999 -9999 -9999 0.02696927 0.02318473 0.02729974 0.03476614 0.02414433 0.01354257 0.02209658 0.04590816 0.02774793 0.02891877 0.0206229 0.003252146 0.01866316 0.04061238 0.06012894 0.07511505 0.0906434 0.09188399 0.0511882 0.04949445 0.006578035 0.04811604 0.005648466 0.02907247 0.0219099 0.01812059 0.01069772 0.02012036 0.01936569 0.01820702 0.04144279 0.03347821 0.01959918 0.01564195 0.03664683 0.04914878 0.0431289
-9999 -9999 -9999 -9999 -9999 -9999 -9999 -9999 -9999 -9999 -9999 -9999 -9999 -9999 -9999 -9999 -9999 -9999 -9999 -9999 -9999 -9999 -9999 -9999 0.03437368 0.02102367 0.04018086 0.0312315 0.02726097 0.01858184 0.04119447 0.05208328 0.03365338 0.02182989 0.007040436 0.0264349 0.01720342 0.01642905 0.02326303 0.05894192 0.06490252 0.0278761 0.002453658 0.03899064 0.02616598 0.01222124 0.0122891 0.02744587 0.006823996 0.01227833 0.0147263 0.03222235 0.009328791 0.05247668 0.009609237 0.007824368 0.01467513 0.02982256 0.01627991
-9999 -9999 -9999 -9999 -9999 -9999 -9999 -9999 -9999 -9999 -9999 -9999 -9999 -9999 -9999 -9999 -9999 -9999 -9999 -9999 -9999 -9999 -9999 -9999 -9999 -9999 0.02716727 0.04913136 0.02611527 0.02036142 0.05931219 0.04896835 0.01918654 0.007380233 0.02460706 0.03089865 0.04031042 0.03956889 0.04865668 0.06406511 0.03873695 0.02248437 0.01318597 0.007910885 0.02655853 0.02415855 0.02301477 0.01602543 0.01654214 0.002440048 0.0136001 0.005974899 0.03622868 0.03671856 0.003557526 0.008537261 0.009280251 0.01551751 0.02743085
-9999 -9999 -9999 -9999 -9999 -9999 -9999 -9999 -9999 -9999 -9999 -9999 -9999 -9999 -9999 -9999 -9999 -9999 -9999 -9999 -9999 -9999 -9999 -9999 -9999 -9999 -9999 -9999 -9999 -9999 -9999 0.06682798 0.02683517 0.01233885 0.01569527 0.04125294 0.04094876 0.02101447 0.02869657 0.03802161 0.008246082 0.02358483 0.03344957 0.03452607 0.02016675 0.04171657 0.02694318 0.003706171 0.01467693 0.009293453 0.01654221 0.006233633 0.02817897 0.02230433 0.02892062 0.02911788 0.01338755 0.007361251 0.01002557
-9999 -9999 -9999 -9999 -9999 -9999 -9999 -9999 -9999 -9999 -9999 -9999 -9999 -9999 -9999 -9999 -9999 -9999 -9999 -9999 -9999 -9999 -9999 -9999 -9999 -9999 -9999 -9999 -9999 -9999 -9999 -9999 0.01701494 0.02772438 0.03512683 0.0721021 0.07165685 0.03051176 0.01851871 0.024763 0.06729849 0.06316752 0.03216194 0.01750685 0.03090067 0.02019096 0.03749909 0.02850397 0.01322307 0.03599225 0.05154135 0.05447072 0.02682939 0.03686421 0.02672534 0.01110072 0.01239818 0.01823994 0.01587366
-9999 -9999 -9999 -9999 -9999 -9999 -9999 -9999 -9999 -9999 -9999 -9999 -9999 -9999 -9999 -9999 -9999 -9999 -9999 -9999 -9999 -9999 -9999 -9999 -9999 -9999 -9999 -9999 -9999 -9999 -9999 -9999 -9999 -9999 -9999 0.01082756 0.06219225 0.08586009 0.08066647 0.09989252 0.04855966 0.05594262 0.03807902 0.01902644 0.006358904 0.02264722 0.01824979 0.01160993 0.03227279 0.04649574 0.03027347 0.05622154 0.01003056 0.007624068 0.03741602 0.03210425 0.009161483 0.02143828 0.03237757
-9999 -9999 -9999 -9999 -9999 -9999 -9999 -9999 -9999 -9999 -9999 -9999 -9999 -9999 -9999 -9999 -9999 -9999 -9999 -9999 -9999 -9999 -9999 -9999 -9999 -9999 -9999 -9999 -9999 -9999 -9999 -9999 -9999 -9999 -9999 -9999 -9999 0.05100614 0.02657757 0.03929965 0.06047733 0.0223858 0.05267107 0.07022946 0.06476348 0.05129804 0.03856349 0.03426594 0.03639789 0.01725394 0.0599213 0.05626585 0.03118914 0.02683444 0.01356945 0.04816215 0.02701289 0.02321172 0.03567749
-9999 -9999 -9999 -9999 -9999 -9999 -9999 -9999 -9999 -9999 -9999 -9999 -9999 -9999 -9999 -9999 -9999 -9999 -9999 -9999 -9999 -9999 -9999 -9999 -9999 -9999 -9999 -9999 -9999 -9999 -9999 -9999 -9999 -9999 -9999 -9999 -9999 -9999 -9999 -9999 -9999 0.03479889 0.05565492 0.08955753 0.06727512 0.04610529 0.005867427 0.009896975 0.03493925 0.0448819 0.03456636 0.02674725 0.01329604 0.0269976 0.01564675 0.0161273 0.03904255 0.03093772 0.02139174
-9999 -9999 -9999 -9999 -9999 -9999 -9999 -9999 -9999 -9999 -9999 -9999 -9999 -9999 -9999 -9999 -9999 -9999 -9999 -9999 -9999 -9999 -9999 -9999 -9999 -9999 -9999 -9999 -9999 -9999 -9999 -9999 -9999 -9999 -9999 -9999 -9999 -9999 -9999 -9999 -9999 -9999 -9999 -9999 0.04348732 0.06239927 0.04048538 0.03385121 0.01811407 0.08196618 0.04145502 0.02704392 0.01513095 0.01821296 0.004750071 0.01411099 0.0141219 0.025672 0.02088723
-9999 -9999 -9999 -9999 -9999 -9999 -9999 -9999 -9999 -9999 -9999 -9999 -9999 -9999 -9999 -9999 -9999 -9999 -9999 -9999 -9999 -9999 -9999 -9999 -9999 -9999 -9999 -9999 -9999 -9999 -9999 -9999 -9999 -9999 -9999 -9999 -9999 -9999 -9999 -9999 -9999 -9999 -9999 -9999 -9999 -9999 0.03131562 0.02572082 0.05122985 0.08782481 0.04796411 0.01204329 0.02349827 0.01936615 0.02184155 0.01484343 0.03176726 0.0242873 0.01810578
-9999 -9999 -9999 -9999 -9999 -9999 -9999 -9999 -9999 -9999 -9999 -9999 -9999 -9999 -9999 -9999 -9999 -9999 -9999 -9999 -9999 -9999 -9999 -9999 -9999 -9999 -9999 -9999 -9999 -9999 -9999 -9999 -9999 -9999 -9999 -9999 -9999 -9999 -9999 -9999 -9999 -9999 -9999 -9999 -9999 -9999 -9999 -9999 -9999 -9999 0.02925769 0.01082365 0.02431451 0.02193895 0.02123731 0.02728502 0.04162018 0.02618955 0.04095819
-9999 -9999 -9999 -9999 -9999 -9999 -9999 -9999 -9999 -9999 -9999 -9999 -9999 -9999 -9999 -9999 -9999 -9999 -9999 -9999 -9999 -9999 -9999 -9999 -9999 -9999 -9999 -9999 -9999 -9999 -9999 -9999 -9999 -9999 -9999 -9999 -9999 -9999 -9999 -9999 -9999 -9999 -9999 -9999 -9999 -9999 -9999 -9999 -9999 -9999 -9999 -9999 -9999 -9999 0.005420791 0.03122796 0.02812746 0.03692225 0.03622055
-9999 -9999 -9999 -9999 -9999 -9999 -9999 -9999 -9999 -9999 -9999 -9999 -9999 -9999 -9999 -9999 -9999 -9999 -9999 -9999 -9999 -9999 -9999 -9999 -9999 -9999 -9999 -9999 -9999 -9999 -9999 -9999 -9999 -9999 -9999 -9999 -9999 -9999 -9999 -9999 -9999 -9999 -9999 -9999 -9999 -9999 -9999 -9999 -9999 -9999 -9999 -9999 -9999 -9999 -9999 -9999 -9999 -9999 -9999
-9999 -9999 -9999 -9999 -9999 -9999 -9999 -9999 -9999 -9999 -9999 -9999 -9999 -9999 -9999 -9999 -9999 -9999 -9999 -9999 -9999 -9999 -9999 -9999 -9999 -9999 -9999 -9999 -9999 -9999 -9999 -9999 -9999 -9999 -9999 -9999 -9999 -9999 -9999 -9999 -9999 -9999 -9999 -9999 -9999 -9999 -9999 -9999 -9999 -9999 -9999 -9999 -9999 -9999 -9999 -9999 -9999 -9999 -9999
-9999 -9999 -9999 -9999 -9999 -9999 -9999 -9999 -9999 -9999 -9999 -9999 -9999 -9999 -9999 -9999 -9999 -9999 -9999 -9999 -9999 -9999 -9999 -9999 -9999 -9999 -9999 -9999 -9999 -9999 -9999 -9999 -9999 -9999 -9999 -9999 -9999 -9999 -9999 -9999 -9999 -9999 -9999 -9999 -9999 -9999 -9999 -9999 -9999 -9999 -9999 -9999 -9999 -9999 -9999 -9999 -9999 -9999 -9999
