Kakahaia/kakahaia_slope.txt
ncols         161
nrows         106
xllcorner     470091.40912566
yllcorner     79970.774566522
cellsize      15
NODATA_value  -9999
[rows 0 to 25 of 106, columns 59 to 117 of 161]
32.88609 35.65981 16.70075 27.44266 37.35988 39.00115 38.64024 -9999 -9999 -9999 -9999 -9999 -9999 -9999 -9999 -9999 -9999 -9999 -9999 -9999 -9999 -9999 -9999 -9999 -9999 -9999 -9999 -9999 -9999 -9999 -9999 -9999 -9999 -9999 -9999 -9999 -9999 -9999 -9999 -9999 -9999 -9999 -9999 -9999 -9999 -9999 -9999 -9999 -9999 -9999 -9999 -9999 -9999 -9999 -9999 -9999 -9999 -9999 -9999
30.04051 36.64954 28.60575 4.096566 21.73063 33.87663 29.83607 18.548 32.12165 20.4806 10.65896 -9999 -9999 -9999 -9999 -9999 -9999 -9999 -9999 -9999 -9999 -9999 -9999 -9999 -9999 -9999 -9999 -9999 -9999 -9999 -9999 -9999 -9999 -9999 -9999 -9999 -9999 -9999 -9999 -9999 -9999 -9999 -9999 -9999 -9999 -9999 -9999 -9999 -9999 -9999 -9999 -9999 -9999 -9999 -9999 -9999 -9999 -9999 -9999
30.6133 36.53418 27.75938 11.33923 6.399089 6.291917 3.966685 17.85593 31.17481 32.67602 26.50051 17.68797 -9999 -9999 -9999 -9999 -9999 -9999 -9999 -9999 -9999 -9999 -9999 -9999 -9999 -9999 -9999 -9999 -9999 -9999 -9999 -9999 -9999 -9999 -9999 -9999 -9999 -9999 -9999 -9999 -9999 -9999 -9999 -9999 -9999 -9999 -9999 -9999 -9999 -9999 -9999 -9999 -9999 -9999 -9999 -9999 -9999 -9999 -9999
34.03705 36.68158 24.16258 9.487691 6.900697 6.497231 5.65145 6.264779 11.1291 17.13074 23.95714 21.44249 19.07629 9.224063 -9999 -9999 -9999 -9999 -9999 -9999 -9999 -9999 -9999 -9999 -9999 -9999 -9999 -9999 -9999 -9999 -9999 -9999 -9999 -9999 -9999 -9999 -9999 -9999 -9999 -9999 -9999 -9999 -9999 -9999 -9999 -9999 -9999 -9999 -9999 -9999 -9999 -9999 -9999 -9999 -9999 -9999 -9999 -9999 -9999
36.36765 35.77214 18.49463 10.21886 10.31511 9.261232 8.932752 9.57972 9.671983 9.813537 10.71142 15.90627 16.17696 5.728877 6.92655 12.64445 -9999 -9999 -9999 -9999 -9999 -9999 -9999 -9999 -9999 -9999 -9999 -9999 -9999 -9999 -9999 -9999 -9999 -9999 -9999 -9999 -9999 -9999 -9999 -9999 -9999 -9999 -9999 -9999 -9999 -9999 -9999 -9999 -9999 -9999 -9999 -9999 -9999 -9999 -9999 -9999 -9999 -9999 -9999
37.09214 33.56531 12.66545 10.21609 10.70081 9.792609 9.775313 9.56251 9.680412 12.95194 14.66399 19.41215 18.42318 7.405697 6.380198 10.72285 1.606718 12.16787 7.647314 -9999 -9999 -9999 -9999 -9999 -9999 -9999 -9999 -9999 -9999 -9999 -9999 -9999 -9999 -9999 -9999 -9999 -9999 -9999 -9999 -9999 -9999 -9999 -9999 -9999 -9999 -9999 -9999 -9999 -9999 -9999 -9999 -9999 -9999 -9999 -9999 -9999 -9999 -9999 -9999
37.21841 28.84606 7.623623 8.386642 8.420474 7.617665 6.918492 6.367334 9.891006 12.866 12.75275 17.56882 13.06077 6.791368 10.81407 11.88934 3.709736 10.93983 13.26623 11.26165 7.39247 -9999 -9999 -9999 -9999 -9999 -9999 -9999 -9999 -9999 -9999 -9999 -9999 -9999 -9999 -9999 -9999 -9999 -9999 -9999 -9999 -9999 -9999 -9999 -9999 -9999 -9999 -9999 -9999 -9999 -9999 -9999 -9999 -9999 -9999 -9999 -9999 -9999 -9999
35.56799 20.47995 7.404227 8.964577 9.37784 7.758737 6.768353 6.667636 11.86324 12.6465 13.80547 17.35331 10.23127 7.114213 9.434463 11.0803 9.325191 2.644451 5.558635 11.13513 10.94259 8.379683 2.959739 -9999 -9999 -9999 -9999 -9999 -9999 -9999 -9999 -9999 -9999 -9999 -9999 -9999 -9999 -9999 -9999 -9999 -9999 -9999 -9999 -9999 -9999 -9999 -9999 -9999 -9999 -9999 -9999 -9999 -9999 -9999 -9999 -9999 -9999 -9999 -9999
30.21189 11.07055 8.829985 9.350511 9.976957 7.688717 7.509179 8.505223 13.0508 12.23515 14.23659 15.58747 7.456367 8.526701 10.60683 10.70653 9.775407 9.963396 9.080044 5.191507 5.149182 8.920798 7.250435 4.580908 2.000362 -9999 -9999 -9999 -9999 -9999 -9999 -9999 -9999 -9999 -9999 -9999 -9999 -9999 -9999 -9999 -9999 -9999 -9999 -9999 -9999 -9999 -9999 -9999 -9999 -9999 -9999 -9999 -9999 -9999 -9999 -9999 -9999 -9999 -9999
23.96355 11.60231 13.09174 13.03395 13.56668 11.82812 12.4644 14.53097 17.05486 16.63119 17.47881 15.51793 8.628123 10.26503 12.1888 12.15712 11.97502 14.33953 15.87813 16.0579 13.69891 7.789552 2.991312 4.088835 3.879159 5.303306 -9999 -9999 -9999 -9999 -9999 -9999 -9999 -9999 -9999 -9999 -9999 -9999 -9999 -9999 -9999 -9999 -9999 -9999 -9999 -9999 -9999 -9999 -9999 -9999 -9999 -9999 -9999 -9999 -9999 -9999 -9999 -9999 -9999
22.50081 13.37152 13.09119 12.97984 13.96224 12.1508 12.56775 15.63697 18.42815 18.26682 17.94808 13.74406 8.14743 9.388836 11.17042 11.15305 11.25708 13.81715 15.50889 16.22843 15.94481 14.73872 12.51573 10.54695 10.50076 10.66326 7.104444 7.910518 9.033459 6.405472 -9999 -9999 -9999 -9999 -9999 -9999 -9999 -9999 -9999 -9999 -9999 -9999 -9999 -9999 -9999 -9999 -9999 -9999 -9999 -9999 -9999 -9999 -9999 -9999 -9999 -9999 -9999 -9999 -9999
20.18202 9.601377 9.645292 9.50115 10.81161 8.282566 9.23446 14.22277 16.4252 14.92892 14.06791 9.069829 7.251994 7.289572 8.209891 7.421899 7.78297 9.243874 9.851635 10.6754 11.15408 10.88435 10.6903 10.76024 11.81897 11.41497 10.57066 11.30869 11.87237 9.543221 8.450165 4.11794 -9999 -9999 -9999 -9999 -9999 -9999 -9999 -9999 -9999 -9999 -9999 -9999 -9999 -9999 -9999 -9999 -9999 -9999 -9999 -9999 -9999 -9999 -9999 -9999 -9999 -9999 -9999
18.49823 7.845311 8.4922 8.8817 10.36771 9.269065 12.07058 15.80373 15.66402 13.64998 12.30044 7.969156 9.365407 7.617792 7.766219 7.922687 9.262704 8.790359 7.811734 8.068732 9.421826 9.183598 8.131422 9.204363 11.09828 8.665771 6.892499 6.972635 6.985425 9.651584 10.85378 7.124894 5.373952 3.604759 -9999 -9999 -9999 -9999 -9999 -9999 -9999 -9999 -9999 -9999 -9999 -9999 -9999 -9999 -9999 -9999 -9999 -9999 -9999 -9999 -9999 -9999 -9999 -9999 -9999
16.75994 13.63311 11.00745 10.14225 11.7717 15.00441 17.08316 17.5273 17.12768 15.79018 13.35728 11.08497 12.12093 10.90244 12.04 13.50508 14.88515 14.74492 13.60101 12.1247 12.05254 13.13836 15.06681 16.43656 14.47315 9.508216 7.758024 8.043699 6.964186 7.588366 9.377653 9.307804 9.258694 7.366041 6.610425 -9999 -9999 -9999 -9999 -9999 -9999 -9999 -9999 -9999 -9999 -9999 -9999 -9999 -9999 -9999 -9999 -9999 -9999 -9999 -9999 -9999 -9999 -9999 -9999
14.23855 14.94559 12.18994 10.74878 12.10581 15.39342 15.2954 15.43378 16.48978 15.02279 12.42275 12.88156 13.3414 11.95897 12.57209 13.59385 14.87995 14.82223 13.8651 12.42456 12.30718 15.00872 17.77975 17.29344 13.154 9.578292 7.578369 7.697775 6.556087 6.370724 7.40236 7.94886 8.443553 7.77915 6.93909 4.899794 4.551637 5.096516 -9999 -9999 -9999 -9999 -9999 -9999 -9999 -9999 -9999 -9999 -9999 -9999 -9999 -9999 -9999 -9999 -9999 -9999 -9999 -9999 -9999
7.345743 7.580588 8.488729 7.745866 9.760724 11.13094 9.705917 10.95829 12.96672 10.47523 7.895137 10.62308 11.32295 9.130499 9.494514 10.32701 10.56389 8.727386 8.668203 8.766574 9.623827 11.76077 11.0017 8.381468 9.020983 9.388007 6.505123 6.224095 5.808196 6.194851 6.329161 7.103729 7.898457 5.927557 7.053448 7.186096 8.743528 8.231368 6.152034 3.388501 1.591985 -9999 -9999 -9999 -9999 -9999 -9999 -9999 -9999 -9999 -9999 -9999 -9999 -9999 -9999 -9999 -9999 -9999 -9999
6.038441 6.136364 6.542942 6.485031 10.64187 10.98242 9.563722 10.60754 11.65742 8.032603 5.213477 8.472466 10.16599 9.389006 10.86601 11.2796 9.569585 7.49768 8.537241 9.737402 10.88624 10.53894 8.025289 6.512372 10.65126 10.53838 5.971524 6.351554 6.79481 7.42028 7.909679 9.183849 9.141311 7.850902 8.887432 8.291247 9.532578 10.74752 9.19203 6.150919 4.711648 3.401433 1.738925 -9999 -9999 -9999 -9999 -9999 -9999 -9999 -9999 -9999 -9999 -9999 -9999 -9999 -9999 -9999 -9999
7.948452 9.686583 11.37051 14.18861 15.7791 13.86754 12.76542 12.65023 10.48547 5.509752 2.754279 5.4613 8.857206 10.4807 11.18888 10.49366 8.837208 8.517023 10.12041 11.69723 11.73425 10.01901 8.299343 8.046833 11.3781 10.6126 7.617494 9.07949 10.80564 11.89589 12.18213 13.64336 15.15453 14.45659 11.75897 10.17448 10.04512 11.26699 10.45889 9.009495 9.749761 9.989594 8.644634 7.074683 4.199881 1.32147 0.6095821 -9999 -9999 -9999 -9999 -9999 -9999 -9999 -9999 -9999 -9999 -9999 -9999
8.304417 11.53318 14.10359 15.01224 12.88296 10.69075 10.35463 9.390689 6.35009 3.32453 1.917028 2.615125 4.938116 6.293887 6.115546 5.86849 6.065654 6.580262 7.059205 7.093279 6.777773 6.413489 8.034468 9.25632 11.04475 9.620185 8.422771 9.767606 11.07352 11.47957 11.22786 11.89955 13.82842 13.49221 10.91671 9.980129 9.162783 9.898871 9.258361 8.846169 9.182687 9.983053 10.91539 10.53819 8.730187 6.187991 3.676427 2.533557 2.792582 2.291687 0.6927673 1.668021 -9999 -9999 -9999 -9999 -9999 -9999 -9999
4.881318 5.646261 6.224793 5.464511 4.21001 3.717739 3.412024 2.406229 1.254283 1.405771 1.493194 1.252793 1.491929 1.55601 1.481076 1.625624 2.157804 2.480912 1.947372 1.465713 1.464553 2.170646 6.757122 8.379027 10.03544 8.455888 6.903363 6.887046 6.127925 6.561158 7.325197 7.324697 6.952151 7.528247 10.11773 9.453151 8.384599 7.509634 5.999404 6.309503 6.426491 6.489051 7.331104 8.104002 8.62188 9.213719 8.67067 7.032131 5.872577 6.100292 4.934203 3.54292 2.353321 4.518889 5.033086 -9999 -9999 -9999 -9999
1.506825 1.348821 1.344724 1.829092 2.190193 1.885547 1.297567 0.9296589 1.010861 1.266649 1.476697 1.202742 1.111975 1.017312 0.8883557 0.8964022 1.141192 2.053017 2.688215 2.506993 2.071284 2.046357 6.049106 7.540707 10.05895 9.253386 7.36468 6.953812 7.028873 8.059272 8.937424 8.630209 6.80402 7.512305 11.78536 10.07509 8.310048 6.971392 5.874585 6.585504 7.055127 7.359478 7.952164 7.857045 7.602772 8.69488 10.04086 10.18394 8.813731 8.180927 8.821154 8.999146 8.076361 7.971227 8.696546 13.5327 11.10456 27.91125 -9999
0.6767943 0.6321837 0.8711787 1.970738 1.889908 1.093698 0.9547891 0.8259186 0.9517945 1.126013 1.346449 1.304608 0.8872069 0.6060474 0.4867945 0.7174668 0.88059 1.278046 2.26372 2.987941 2.298057 1.662611 4.0657 6.06689 9.396852 10.04927 9.752163 9.659817 9.687172 10.12265 9.894825 9.404338 7.076425 8.655398 13.36228 9.655174 8.110599 6.907838 6.02872 6.329289 6.923206 7.539335 8.328286 7.903649 6.693319 7.834542 9.549387 10.91878 11.01672 9.653888 8.584728 9.724907 10.83828 10.26765 10.35485 18.9329 20.83647 22.05882 16.92282
0.9496992 0.8361819 1.127095 2.183647 2.203342 1.553256 1.38988 0.9650689 0.7905592 0.9417162 1.349393 1.44946 1.207216 0.72563 0.4979969 0.8223538 0.9796124 0.5911893 0.8292825 1.685737 2.025547 2.100312 3.020895 4.749874 7.930946 10.16065 10.84467 10.65925 10.05373 9.232078 9.093038 9.779356 8.915384 11.69105 14.66567 10.29368 10.56635 9.93814 9.174056 9.366582 9.921542 9.965693 10.47426 10.40245 9.786678 11.56535 13.11916 14.00943 14.7989 15.91121 15.44958 13.87243 13.38955 13.69394 13.81624 16.90091 12.7488 6.589293 14.2708
1.240305 1.01333 1.141804 2.068792 2.090679 1.290413 0.9473767 0.6823836 0.5724332 0.7384019 0.8656392 1.091304 1.049744 0.8332034 0.4881864 0.6439434 0.9288711 0.6112578 0.2486027 0.5016954 1.117609 1.819097 2.386668 2.846717 4.145325 5.67134 5.614072 5.188249 5.099306 5.413757 6.679209 7.602269 7.692102 12.27224 13.15191 9.709965 10.54091 10.53907 9.735564 9.452234 9.177898 9.142425 10.60209 11.5641 12.57412 13.70946 13.26093 13.27849 13.90846 14.86 15.10419 13.7128 12.47944 13.36126 14.97568 12.09017 6.516802 5.089565 4.20915
0.7576221 0.4355287 0.6342935 2.095064 1.971774 1.214904 0.7598047 0.2230695 0.06717502 0.6151236 0.6080681 0.3347917 0.8083303 0.8135964 0.8121566 0.4240409 0.7508383 0.7650246 0.469304 0.5936143 0.5394526 0.6298666 0.6584582 0.6126575 0.3433788 1.108752 2.087833 0.9813633 1.682761 3.672999 3.825918 4.147601 6.436965 11.53433 10.30222 7.319424 7.233359 7.032174 6.106314 6.032696 6.480513 7.185871 9.15306 10.7774 11.10961 9.689082 7.946567 7.741602 8.14898 8.327095 8.502246 8.41393 9.061019 11.16346 12.85654 11.5224 7.059011 1.68298 5.695174
0.3452275 0.4465955 0.8033502 2.294887 1.892061 1.109787 0.8155805 0.3270997 0.44111 0.4128577 0.8731505 0.5575715 0.8385808 1.017396 1.191801 1.187278 0.9872453 1.053743 0.8068197 0.8569928 0.6545926 0.6080731 0.6216562 0.6087623 0.2893069 1.383862 2.0627 0.8720528 1.772605 3.108814 2.160442 2.962845 6.581406 10.4805 9.36165 7.788027 7.503767 7.007543 5.954613 6.092707 7.379871 8.633939 9.887888 10.44048 9.142349 7.790931 7.376706 7.299237 7.340399 7.513032 7.972291 8.395766 9.107718 9.979617 9.764179 8.651891 10.59563 9.446711 5.557381
