Kakahaia/kakahaia_slope.txt
ncols         161
nrows         106
xllcorner     470091.40912566
yllcorner     79970.774566522
cellsize      15
NODATA_value  -9999
[rows 26 to 51 of 106, columns 0 to 58 of 161]
1.918739 1.972218 1.723923 1.498711 1.483566 1.484187 1.241729 0.797664 0.2067811 0.9173239 1.049771 0.432825 0.2662493 0.2248192 0.3592848 0.1224476 0.1961222 0.4782813 0.7437595 1.213743 0.9044514 0.4084565 0.3344905 0.253105 0.1544532 0.4857557 0.4113136 0.2157453 0.3374658 0.5034888 0.435346 0.3796808 0.3722537 0.3911088 0.3300794 0.5543069 0.9067441 0.6280541 0.3895482 0.5317835 1.37632 1.017101 0.8421623 1.934736 0.6913725 1.126999 1.325466 1.205775 1.154653 1.10131 0.8985975 0.7230743 0.9126614 1.04078 1.283067 1.464038 1.284259 1.247675 1.082339
0.2654826 0.7751605 1.379261 1.659131 1.652763 1.664479 1.756846 1.790958 1.494743 1.020799 0.2606666 0.2903154 0.4491485 0.3543855 0.4437171 0.3510974 0.1599956 0.2651065 0.2575197 1.048525 1.598837 0.70858 0.3767475 0.2181442 0.2006938 0.2584956 0.3690519 0.4630837 0.4916649 0.7504133 0.7789419 0.5845499 0.4545705 0.3997805 0.3164532 0.3887932 0.7578519 0.7258631 0.5390186 0.6300567 1.004307 1.062612 1.451059 1.633853 0.7497707 0.3913722 0.1737396 0.8658334 1.058025 1.167081 1.104268 0.9344448 0.8807904 0.9504631 1.133491 1.440044 1.230321 1.201346 1.316272
0.01545561 0.06431702 0.06331294 0.0449478 0.0244581 0.1554375 0.4979165 1.009542 1.660991 2.198995 2.225618 1.640745 0.8974538 0.3141635 0.2314985 0.2695454 0.282462 0.3746918 0.4182374 0.4219761 1.27805 0.4216837 0.310741 0.08513454 0.1925123 0.1089038 0.374851 0.3784812 0.2110869 0.318323 0.6378981 0.9127056 0.7633793 0.4070522 0.3678791 0.3579407 0.565266 0.6203527 0.5046065 0.7366613 0.5501608 1.012589 1.572947 1.01934 1.159541 0.9138316 0.5807181 1.011839 0.5627322 0.6812704 0.7560153 0.759136 0.8154522 0.8895478 0.7135596 0.9948345 0.7705012 0.6534227 0.845131
0.01004968 0.0222955 0.04122522 0.06502514 0.07248671 0.0423342 0.03711166 0.02165818 0.2416923 0.6289472 1.196592 1.863019 2.165598 2.053176 1.5613 0.6858119 0.08104254 0.2127549 0.3492577 0.496321 1.195545 0.5080889 0.5903605 0.1027233 0.1364692 0.5026484 0.2717772 0.2327849 0.3670116 0.2621342 0.06219804 0.6888666 1.066956 0.7161642 0.5138875 0.3631732 0.5504476 0.6719695 0.6604764 0.8966072 0.3732336 0.8465198 1.50188 0.3350382 1.227414 1.318861 1.209948 0.9219111 0.3813812 0.4400473 0.679773 0.872645 1.039818 1.099116 0.8910986 0.8582543 0.9214016 0.7871206 0.8007212
0.05281673 0.03973558 0.01660923 0.01136388 0.0287165 0.02317896 0.04023882 0.02574236 0.03087313 0.04490807 0.04751998 0.2889356 0.7702797 1.215599 1.588624 1.693216 1.5134 1.470507 0.9838121 1.096346 0.9044063 0.3587184 0.8613321 0.3699562 0.455514 0.6033435 0.1660882 0.1678231 0.3449746 0.4482384 0.1712488 0.3350624 0.7478963 0.8111605 1.054218 1.127459 1.114355 0.9822646 0.6078089 0.5967939 0.5948766 0.8496674 1.25713 1.325525 1.686752 1.475738 0.8533115 0.632197 0.3533318 0.4569705 0.6351141 0.9193628 1.223453 1.140008 1.151992 0.9260585 1.028296 0.8899432 0.9768197
0.03832931 0.03611602 0.02169807 0.03404166 0.02787652 0.02954582 0.03006759 0.005980584 0.01326069 0.02110074 0.02234277 0.0004918381 0.04268825 0.03709554 0.4367275 1.039804 1.342069 1.218618 1.527028 1.928923 1.586396 0.9691227 0.4879474 0.8086492 0.4233001 0.336448 0.2641065 0.2372998 0.2728726 0.4124918 0.5176884 0.5442038 0.6156424 0.317555 0.5427715 0.9966229 1.725509 1.541153 0.6360153 0.7752885 0.9925208 0.5088252 1.115296 1.539113 2.027353 1.983925 0.8109007 0.8588289 0.632789 0.7316332 0.8297609 1.03342 1.272329 1.154634 1.19699 0.9718877 0.9586581 0.9218694 1.017536
0.06333942 0.008214485 0.03285421 0.01582464 0.03202629 0.02944207 0.02134305 0.0220492 0.04145346 0.0258139 0.04262832 0.05320273 0.04485169 0.03167812 0.05694746 0.07089197 0.06287684 0.1523527 0.7233415 1.611283 2.196764 2.128729 1.116492 0.6116802 0.8735714 0.2884874 0.3642384 0.3928027 0.3279687 0.1391694 0.2463674 0.5879887 0.8652884 0.6948772 0.1607871 0.1766558 1.238552 1.675481 1.101985 0.7151895 0.9600252 1.041646 1.452334 1.055816 1.758866 1.784511 1.597966 1.436708 1.178369 1.146865 1.090536 1.006824 0.8022745 0.9749886 1.019068 0.835631 0.7652538 0.8477836 0.8273386
0.04699974 0.04460661 0.03331112 0.04939246 0.05600314 0.03882899 0.0262105 0.04825311 0.02651678 0.02999335 0.04923943 0.01743961 0.005134867 0.02657828 0.00779993 0.04136137 0.07228907 0.1001955 0.1036865 0.3222561 1.03446 1.883537 2.217188 1.231209 0.7817052 0.1092307 0.1450841 0.3050523 0.4052915 0.09031546 0.1293607 0.2545531 0.5037409 0.8282524 0.7109532 0.536126 0.5830038 0.7793251 1.371448 1.780426 0.7304245 2.356471 1.620897 1.25851 1.39709 0.6891204 0.9495787 0.9374064 1.016898 1.163592 1.328724 1.301129 0.9278242 0.9794171 0.9210493 0.8189777 0.6260251 0.5737273 0.6555351
0.05159574 0.02269761 0.05331501 0.02727631 0.06665329 0.05590805 0.03831139 0.008288314 0.0758099 0.1043699 0.05037093 0.02275819 0.05135459 0.04391542 0.05674808 0.04551856 0.04873561 0.01144608 0.08762105 0.09279063 0.1338844 0.5962766 1.545282 1.806164 0.5852957 0.3277892 0.2225417 0.2132871 0.3694796 0.1318325 0.1480488 0.09761316 0.2526598 0.4841234 0.5344548 0.8793638 0.4822447 0.2604402 0.6820689 2.135067 2.30919 1.783711 2.029824 2.076587 0.7784326 0.3168711 0.3152221 0.2845834 0.6413909 0.8284692 0.937758 1.002231 1.017249 0.8844408 0.803586 0.8667786 0.6293599 0.4265062 0.3305861
0.04205029 0.03025672 0.07415131 0.03678396 0.03290257 0.06153437 0.05101324 0.04186574 0.01502026 0.03657361 0.05550277 0.04414294 0.02687685 0.005795011 0.03686409 0.04164034 0.05765197 0.06656997 0.03247254 0.04646232 0.02621792 0.0653868 0.3083174 1.268832 1.581661 1.038073 0.2853027 0.2590431 0.3761432 0.2759174 0.103092 0.1339952 0.4359799 0.3439718 0.2968077 0.6986626 0.778847 0.3017997 0.9012867 2.170005 2.251049 0.6532053 2.67929 1.578984 0.6913452 0.8226742 0.8428407 0.7947116 0.8119751 0.8678063 0.6152525 0.2199983 0.7421172 0.8160161 1.06681 1.197696 1.122763 1.064163 0.731371
0.07036638 0.07352463 0.1018645 0.06710203 0.06775501 0.07777032 0.06253779 0.05610247 0.05104048 0.06112263 0.05135769 0.05274644 0.08288696 0.1027462 0.1112863 0.1033143 0.07664116 0.05099488 0.01788327 0.04839468 0.02234916 0.03835236 0.03985913 0.4340116 1.141685 1.578962 1.385807 0.7937638 0.6873416 0.370855 0.1746814 0.3622479 0.5682136 0.1216993 0.2564493 0.6468405 0.6188802 0.872346 2.339467 1.121686 1.276202 0.7454885 1.90129 2.556935 1.486576 0.765154 0.8731931 1.104068 0.9637561 0.8319737 0.4982275 0.3242475 0.3825782 0.8184314 0.8823521 0.95121 1.030701 1.17308 0.9567116
0.06999368 0.05980394 0.03701782 0.003945617 0.02963867 0.06075048 0.0385318 0.01955669 0.03324073 0.09862947 0.1409668 0.07677371 0.05049976 0.04712905 0.07627854 0.1026496 0.1127537 0.04012878 0.04595183 0.09116136 0.07027248 0.03367712 0.03906589 0.07869352 0.02379704 0.4605696 1.426031 1.869229 0.6318741 0.6456877 0.2852508 0.9858412 0.7054613 0.3649691 0.3398281 0.6603195 0.2350212 1.349533 1.706609 1.906733 2.319214 1.079028 0.2797833 1.633533 2.079773 0.8633407 0.4297055 0.5785886 0.5680379 0.5233374 0.3531098 0.4868918 0.6302965 0.6666237 0.5254819 0.437065 0.5017174 0.8078607 0.5434934
0.05468143 0.03279584 0.03621922 0.03136385 0.02434543 0.04386654 0.05839745 0.0149177 0.06676448 0.08259966 0.05601279 0.03709698 0.005124027 0.05775438 0.1071364 0.06981216 0.07647303 0.02696995 0.03537971 0.03029057 0.06407532 0.08559862 0.1012372 0.05284273 0.01260428 0.04556923 0.6144671 1.997829 1.213363 0.379962 0.8629823 0.8174427 0.1066026 0.2441699 0.4103533 0.4961094 0.523524 1.793458 0.8767351 2.68616 1.769686 0.8993033 0.5743977 0.2498389 1.257061 1.628678 0.6823352 0.3486601 0.1123246 0.3843395 0.3193737 0.4161794 0.622569 0.5617304 0.6596142 0.6610903 0.5291607 0.7843146 0.6801664
0.02879269 0.05559868 0.02287984 0.04642776 0.02904714 0.0460441 0.07691605 0.005948504 0.04736519 0.0224186 0.008483967 0.04457898 0.06686313 0.0630184 0.05022736 0.1167169 0.06886758 0.02433535 0.04044487 0.001272342 0.019549 0.04544699 0.06220189 0.05559428 0.05208054 0.05463265 0.1218352 1.370785 1.384872 0.2429755 0.7037182 0.8442276 0.5158282 0.1809863 0.2092895 0.3564286 0.4884616 1.813876 0.666622 2.361629 2.093642 1.238696 0.7753693 0.2732407 0.2885088 1.196925 1.241407 1.128983 0.8643972 0.4826879 0.554377 0.6065374 0.6803671 0.5905051 0.6084273 0.76419 0.7429688 0.9018511 0.9622901
0.05673599 0.04049883 0.02905074 0.04059908 0.0230305 0.04039805 0.06911682 0.07396714 0.06741641 0.06163161 0.05125254 0.03307443 0.04796914 0.1130898 0.1304184 0.07543833 0.06780382 0.08136199 0.07182837 0.04881738 0.0332215 0.007335429 0.03964393 0.01924479 0.03390599 0.04873908 0.03720671 0.8261893 1.661858 0.8283233 0.4505056 0.8025252 0.8029991 0.7713696 0.9479201 1.112862 0.7155942 1.109588 1.677604 1.261475 1.992592 0.9782161 1.115005 1.114432 0.7600265 0.7070227 0.7683244 0.8965916 1.186664 1.111277 0.8782803 0.5854806 0.6197714 0.5034606 0.5297256 0.5785383 0.5743197 0.7257073 0.7861227
0.09933763 0.02739173 0.04594933 0.06181945 0.05360702 0.01725602 0.05901375 0.09092215 0.05971966 0.03322311 0.04462588 0.04147147 0.02196836 0.05537231 0.1280853 0.1566198 0.1124075 0.07729436 0.05740996 0.1133266 0.03256089 0.01896054 0.04026929 0.01526646 0.01230876 0.02696574 0.04407939 0.2946618 1.421193 1.272789 0.3043381 0.297091 0.5482458 0.8506399 1.087583 1.022193 1.148468 0.814864 2.081273 0.6015956 1.837406 0.288734 0.3371183 0.6156821 0.7427145 0.652704 0.3929868 0.06878301 0.1577043 0.6228451 0.7019374 0.5125946 0.298768 0.09163527 0.3082399 0.4573145 0.2968476 0.356019 0.6166701
0.1367877 0.02392784 0.05418076 0.04073895 0.07278755 0.03032361 0.07958279 0.07643805 0.01409773 0.05609012 0.07887759 0.09743175 0.1020203 0.07976729 0.03634719 0.06655736 0.02778921 0.03752958 0.02415765 0.08554083 0.1396625 0.07880893 0.03658773 0.01449526 0.01395449 0.02251564 0.03837791 0.05969702 0.8652249 1.565224 0.6708001 0.2438831 0.05404167 0.5564308 0.2416893 0.4492339 0.08948641 0.8189317 1.801982 0.7354021 1.833327 0.3098666 0.1164007 0.214791 0.4737162 0.646902 0.6098274 0.7280859 0.512455 0.228246 0.1361691 0.3271739 0.393765 0.257529 0.2242061 0.3594708 0.1692377 0.3313939 0.5399145
0.09681115 0.08209552 0.08629856 0.06696465 0.06931862 0.09524974 0.1140507 0.07181615 0.03379666 0.03814487 0.04254725 0.040008 0.0430099 0.03792561 0.08085474 0.06838812 0.02670413 0.03978625 0.07124175 0.04949058 0.05010409 0.08019691 0.08089676 0.07980934 0.0903272 0.07977101 0.05559982 0.04894095 0.3596772 1.478582 1.537072 0.4877354 0.2478367 0.5850562 0.7652925 0.4317918 0.6903766 1.036887 1.033995 0.9027295 1.327383 0.5608431 0.6872939 0.5755259 0.4886987 0.6310171 0.6427433 0.791442 0.9404547 0.7979892 0.4636174 0.3563735 0.3574322 0.421447 0.3306669 0.4522161 0.6881309 0.5702997 0.3954048
0.08500391 0.08996662 0.05237988 0.05981885 0.08097886 0.06116759 0.1180855 0.1532205 0.13963 0.08427361 0.07863446 0.05135182 0.06697625 0.08436192 0.0273693 0.06423208 0.0891554 0.04111756 0.05350934 0.05046481 0.03172211 0.01717983 0.04513516 0.02947831 0.07735838 0.0730839 0.06726677 0.03232068 0.05165161 0.7114727 1.618066 1.496884 0.4272453 0.5099771 0.6777428 0.2459106 1.045274 1.496593 0.2904505 1.182674 0.7450112 0.1475801 0.1435125 0.4064429 0.4192194 0.3864232 0.4073398 0.3067563 0.2568442 0.4037983 0.4744514 0.4679905 0.4170018 0.5549995 0.4024819 0.2540774 0.2987738 0.3819776 0.5094894
0.02554281 0.06068731 0.04141305 0.02981439 0.07492613 0.07063402 0.02910328 0.02505889 0.03572067 0.06939175 0.06688613 0.05511739 0.1046696 0.142143 0.1267854 0.1248323 0.1298766 0.1217241 0.0683889 0.05763243 0.0457832 0.03990297 0.05371172 0.02680661 0.04935512 0.04767122 0.04957576 0.04614446 0.02776777 0.1106872 0.7794473 1.612842 1.433575 0.9325826 0.4114809 0.5792462 1.581013 1.913327 0.3904596 0.9432567 0.9487126 0.6684304 0.1236286 0.2250839 0.4240659 0.2834789 0.218136 0.1888112 0.4935582 0.464805 0.2383395 0.1722547 0.4081791 0.7195865 0.7604828 0.6046475 0.3336272 0.2675941 0.3843524
0.05388405 0.02627304 0.05072545 0.03513668 0.05375653 0.03273822 0.01178051 0.02678229 0.07775332 0.1055844 0.103166 0.09588963 0.05705599 0.04350581 0.02057334 0.02355731 0.05213368 0.1049616 0.08744808 0.08703557 0.067337 0.04028553 0.05013802 0.07469907 0.05317109 0.03259514 0.04828342 0.0907362 0.09018978 0.09526829 0.2837101 0.9949163 1.549341 1.910269 1.993856 1.569879 1.868195 2.006124 0.5998895 0.5223854 0.8275341 1.47748 1.560888 1.368027 1.116887 0.5669628 0.2499291 0.4872439 0.8258028 0.7486317 0.9350304 0.8752292 1.018952 1.442754 2.10123 2.469308 2.449638 2.186025 1.740692
0.03365663 0.0805372 0.04101682 0.08559416 0.05191916 0.01955092 0.038469 0.02002371 0.04209991 0.0579223 0.07057234 0.07169639 0.00851237 0.01616454 0.02686659 0.01951026 0.0150948 0.05806532 0.05976469 0.08039185 0.09167428 0.07636587 0.03204192 0.03218742 0.06034606 0.06749006 0.04424305 0.06362814 0.06105653 0.06583573 0.04234946 0.260172 0.7139947 1.232263 1.829727 2.325401 1.748968 1.060689 0.4022135 0.192926 0.2747618 0.3434958 0.5371784 0.6050699 0.9869396 0.9317986 0.9416451 1.059336 1.476009 1.796322 1.788835 1.710506 1.714216 1.707689 1.66449 1.594169 1.768752 1.966889 2.038974
0.04082551 0.04377085 0.05726132 0.005415055 0.1086571 0.1435347 0.08518939 0.01399183 0.03016163 0.07284324 0.07632931 0.07868485 0.05679585 0.06832983 0.08689445 0.08355282 0.03164814 0.04932021 0.03964013 0.05106276 0.05071282 0.02474837 0.03675562 0.006730834 0.01316683 0.03376654 0.01467686 0.05731381 0.03513495 0.03803051 0.07364345 0.06711453 0.0321622 0.1050206 0.363274 0.7555752 0.7753997 0.3592904 0.1411201 0.1435521 0.087771 0.05536113 0.184686 0.382766 0.7768747 1.28985 1.449024 1.294323 1.251821 1.226547 1.145143 1.048473 0.87384 0.5301732 0.1859578 0.04181391 0.09840254 0.1443943 0.3357718
0.0176402 0.02679849 0.05120848 0.09797565 0.1163596 0.0391401 0.07878833 0.0877253 0.05986585 0.06996653 0.0452437 0.04276209 0.0738074 0.02592716 0.01055062 0.03580758 0.06869809 0.0711235 0.03776609 0.008780224 0.06145882 0.05186012 0.007484838 0.04351402 0.05862004 0.06386753 0.03654984 0.03283899 0.04891092 0.03906723 0.04457022 0.07110741 0.05368662 0.05540469 0.05381684 0.111953 0.3887202 0.6659785 0.6657695 0.5597985 0.4681141 0.5383417 0.6346512 0.8013939 0.8775182 0.7900761 0.6720952 0.6420565 0.6238958 0.5189537 0.3092233 0.1009173 0.02915333 0.03544116 0.05253595 0.05615485 0.02970912 0.05124552 0.02272911
0.06870371 0.01478954 0.02933167 0.02937134 0.05716427 0.1103586 0.04053072 0.05122429 0.04207139 0.04240716 0.0760671 0.07635546 0.06056546 0.03306412 0.01468834 0.002661026 0.04944574 0.08757193 0.08265435 0.05796235 0.09086215 0.05080155 0.01460616 0.004930214 0.04039657 0.06395226 0.06204073 0.02136393 0.03035543 0.07805641 0.1077757 0.02102747 0.09340974 0.08371983 0.0634352 0.09115438 0.06402867 0.01218014 0.06077822 0.2531846 0.3637261 0.2420436 0.07574827 0.07088667 0.08731852 0.10765 0.1176898 0.1044209 0.07605004 0.04942484 0.03743586 0.048066 0.03466553 0.01431655 0.03337525 0.02648655 0.02757328 0.03186026 0.02994355
0.1026094 0.09434658 0.06360237 0.06896009 0.1091137 0.06844872 0.05437402 0.01160639 0.0338318 0.01721299 0.008981424 0.01885954 0.0223417 0.06421855 0.06287641 0.04921813 0.02765856 0.02210912 0.03520324 0.04248252 0.0185511 0.03371682 0.02548716 0.02869948 0.06935639 0.03614595 0.04050263 0.02854629 0.05340238 0.008748523 0.0707849 0.09374236 0.01114591 0.07264586 0.02260161 0.004751123 0.03042779 0.02597024 0.01405563 0.05028537 0.01168562 0.04175869 0.01189202 0.01348167 0.04151284 0.03947675 0.02733726 0.03151648 0.02051272 0.01074893 0.06871162 0.1105646 0.122683 0.08412865 0.02553082 0.01220379 0.04869795 0.04792954 0.01145327
