Kakahaia/kakahaia_slope.txt
ncols         161
nrows         106
xllcorner     470091.40912566
yllcorner     79970.774566522
cellsize      15
NODATA_value  -9999
[rows 0 to 25 of 106, columns 0 to 58 of 161]
9.352045 9.526721 10.2032 10.94896 11.31085 11.12701 10.88166 10.61397 11.20613 11.93143 11.92361 11.42593 11.4209 11.92313 13.12174 13.84201 12.52476 12.09802 12.9132 12.0603 11.53124 13.25091 14.57672 10.70098 9.536586 9.089194 8.543436 6.977071 6.131382 9.302547 13.0423 16.43423 14.16033 9.378648 7.86859 8.821446 18.8276 19.55194 13.54855 12.56129 10.24248 6.730315 13.1996 24.42173 24.92099 7.071236 4.562171 2.418751 2.496169 2.961588 2.750753 2.430993 2.59 2.609766 2.5343 1.320278 3.556496 16.67927 26.76993
9.252715 8.915771 9.611853 10.82776 11.08074 11.45903 12.58425 12.89922 12.71041 12.7476 12.58924 11.64669 11.0622 11.92041 14.05448 14.55576 13.31655 13.21069 13.70462 12.75903 12.22195 13.41341 14.20415 10.42743 11.61604 8.291026 8.105977 7.233448 6.343445 8.923564 12.443 17.02723 14.37446 8.877867 8.081459 10.29262 17.72262 17.73473 14.60096 13.48757 11.02571 8.057865 6.684636 15.50431 27.39544 16.14705 6.810334 2.401829 3.41072 2.711523 2.419792 1.923699 2.469723 2.657476 2.187498 1.49751 1.805869 11.63998 22.80424
6.489154 6.428664 6.934059 7.300478 7.431005 8.10279 9.287617 9.925595 9.89067 9.493414 9.385641 9.193707 8.507338 8.651844 10.38095 10.22387 9.504394 10.31828 10.60705 9.923168 10.05571 11.36386 11.27763 8.66654 12.9504 7.338276 6.834109 5.474303 5.063036 7.668096 10.97311 17.76849 14.31528 5.959878 5.40114 8.27961 15.16795 13.89658 7.823975 7.153138 6.659003 6.451067 10.0896 18.82874 25.69248 17.78401 5.301059 5.734549 2.80967 2.484171 2.030156 1.618409 1.52598 1.155036 1.09797 1.180603 0.9914967 6.379986 18.98137
6.617 7.537557 7.979252 7.587346 6.97431 6.828619 6.944878 7.534511 7.825559 6.961297 6.649094 7.184729 7.894167 8.397019 9.598372 9.44489 8.949495 9.065567 8.369317 8.785817 10.4734 12.03276 10.09834 10.63459 13.52183 7.297419 6.567222 4.333905 5.640091 8.17611 9.978151 18.43167 15.42089 5.841284 5.623346 7.406466 13.74227 14.31731 8.055994 6.398242 5.880504 7.069315 14.18505 21.43251 20.09885 12.80824 1.940908 7.47748 2.280795 3.04258 2.484027 1.665049 1.621577 1.433704 1.194155 1.228968 1.22978 3.967397 18.25607
9.984231 10.70794 10.54546 9.096253 8.136841 8.512103 9.064918 8.774419 8.258164 8.482629 9.249131 10.17814 11.40932 12.69621 13.5334 13.05268 11.59856 10.08852 10.19495 13.02177 15.50523 14.6031 9.85107 12.99069 13.83633 8.853981 8.431067 7.562995 10.1854 10.83341 10.34499 18.63043 17.31372 8.759748 9.1151 10.26377 14.45963 15.98839 11.78433 10.17808 9.97939 14.64012 22.92267 23.48314 15.11181 6.257435 3.013689 4.893108 6.220508 3.398294 3.402088 2.088623 2.283263 2.64597 2.484059 2.328405 2.295362 3.640566 18.9509
9.929293 9.648103 9.259553 8.466228 8.610456 9.274562 8.935164 8.350325 8.704406 9.763177 10.87317 11.5022 11.64167 12.02006 12.57499 12.19662 11.29642 10.78819 12.4491 16.13591 16.40245 11.75785 8.264159 13.37006 13.06508 9.57523 9.6487 9.866258 11.50259 10.26189 9.875315 18.5478 18.81653 9.731406 9.34761 10.71421 14.56032 15.78046 12.53188 11.01841 10.90566 18.7281 23.04818 15.93894 7.020575 2.708554 2.818825 1.743778 6.056094 3.470256 3.719472 2.157076 2.292002 2.924079 2.610384 2.305315 1.963009 4.984743 20.20365
6.862022 6.185053 6.623333 8.143213 8.901954 7.530529 6.221873 6.246953 7.237777 7.498692 7.040549 6.956757 7.469181 7.726557 8.17356 8.460517 8.301669 8.785002 11.29864 14.82252 11.37279 5.813059 7.360491 12.1681 11.25796 8.392792 8.466044 8.592448 8.674372 7.983785 9.299169 17.86028 18.23607 7.432244 6.031961 7.803376 12.91139 13.8972 9.679184 7.972418 8.184441 18.09577 14.5714 3.931872 1.291094 1.972879 1.820677 2.314068 4.133702 1.644929 3.263863 1.690924 1.601646 2.481635 1.721159 1.054132 1.128351 7.138228 23.35159
6.474098 6.463151 8.454475 9.145706 7.976282 6.405153 6.250352 7.033747 7.368752 7.426836 7.37853 7.352678 7.911119 7.921583 8.153092 8.448093 7.923688 8.288417 10.75223 14.22849 9.829435 8.049969 9.319849 11.78252 10.51303 8.230498 8.019448 8.307107 8.917484 9.270231 10.05729 16.74162 16.97621 6.440392 4.87639 6.536152 12.40268 14.12506 9.481691 7.644852 9.291018 17.22131 8.712644 2.321807 1.814811 2.250557 2.132181 2.572748 4.053674 1.982442 3.524793 1.581841 1.275808 2.236277 1.753573 0.6241111 1.004903 10.47365 29.24092
7.789826 9.003263 9.865557 6.969523 5.270192 5.687949 7.523189 8.238191 7.680148 7.545175 7.614519 7.150232 6.952668 6.838252 7.847868 8.203964 7.541079 7.925939 10.34062 13.40241 8.959041 8.600406 11.07213 12.33077 10.55581 7.85679 6.833581 7.437008 8.631344 8.535558 8.461039 14.70573 15.11681 4.436545 2.738247 4.61875 11.44039 14.65097 10.44186 8.143921 10.4077 14.95076 4.886193 2.360119 2.351842 2.342959 2.962529 2.373022 4.549788 2.242423 3.703413 2.107842 1.268862 2.14086 1.76182 0.8025155 1.007741 15.66333 34.06118
15.95228 15.16618 12.21915 10.27669 10.92166 11.72164 11.92041 11.3085 10.73526 10.22031 10.3272 11.0398 11.51287 11.7307 12.78663 12.95781 12.19897 11.92983 13.85307 14.87163 9.722784 8.489233 11.3728 13.15679 12.25427 10.17396 9.571127 10.76211 11.75952 11.35487 11.68875 14.79476 12.83097 3.927478 3.171821 4.448606 10.03521 15.17945 13.19597 10.98818 11.63981 12.80985 4.378675 2.966138 2.749697 2.923271 3.922292 2.153879 4.111235 3.460412 5.221611 3.928884 3.189383 3.211913 2.750725 2.168981 1.610534 19.228 34.22608
13.87319 12.43548 11.11948 10.85967 11.33937 11.18623 10.26415 10.22028 10.75012 10.21572 10.07375 10.99721 11.50358 11.59745 12.38206 12.69799 12.26679 11.93288 13.28573 12.01981 6.846557 7.011463 9.498791 11.53496 11.88674 10.36558 10.13815 11.64498 12.10628 11.90823 12.78299 13.09262 9.346824 4.051662 3.423331 3.393071 6.594577 12.74253 13.43734 11.14306 9.757475 9.832477 3.445457 2.248663 2.277706 2.807193 2.798192 3.266586 2.085414 4.311053 4.66764 3.420653 2.960337 3.173265 2.86329 2.330024 1.801436 18.71971 31.64297
6.350379 8.034289 10.02611 9.66925 7.58602 6.372802 6.325913 6.25367 6.503564 6.574744 6.271816 6.088083 5.867867 6.072985 7.096506 7.253503 6.508886 7.084412 8.370926 5.97787 1.843095 4.388621 7.0436 8.675261 9.516623 7.913649 7.582807 9.358153 9.650177 8.958798 8.578546 7.692483 5.266494 2.501422 1.747548 1.466021 2.933338 8.326262 10.94738 8.690392 5.670853 6.840936 1.692734 1.707275 1.958196 2.617455 1.204956 4.03627 1.887427 3.631145 2.465682 1.389596 0.9775075 2.008023 1.889097 1.821947 1.702851 15.43009 27.94356
7.44387 8.879761 9.806217 10.75066 10.4188 8.806609 7.469683 6.356352 6.043411 6.208637 6.64949 6.81122 6.804992 6.944966 7.665649 7.7899 6.787286 6.902949 6.565382 3.812395 1.60187 3.057971 5.908751 7.98455 9.21072 8.33307 8.575274 9.566172 9.240701 7.792311 6.670126 5.428456 3.390861 1.512683 1.106837 1.119187 1.531165 5.440721 9.063222 8.442014 5.299076 5.491526 1.98839 1.992182 1.862814 2.688097 1.875119 4.035798 3.713223 3.357754 1.551448 1.247551 0.834454 1.92492 1.679503 1.56587 1.90887 12.74178 25.68215
10.50588 9.239959 7.795956 8.264714 10.48393 12.10607 12.5848 13.02471 14.09815 14.70194 14.10991 13.19304 12.17887 11.24027 11.01619 10.35372 8.910028 7.658739 5.674289 3.318607 1.968439 2.333187 4.740726 8.028485 11.1311 12.54808 12.72134 11.78459 9.838303 7.656713 6.08533 4.432063 2.758642 1.822988 1.291556 0.8943738 0.9924112 3.499271 6.175083 7.059496 6.090411 4.632559 2.728557 2.357105 1.619061 2.68738 2.224519 4.312366 4.172143 2.917885 1.887838 1.783101 1.548246 1.935844 2.241402 1.61009 1.784738 11.93316 22.90414
8.746903 7.571586 5.658356 4.76864 5.903312 8.330235 10.06033 11.19741 12.74428 14.02436 14.30095 13.61293 12.39953 11.01382 9.988843 8.710303 6.945929 5.261836 3.637803 2.576855 1.661057 1.524763 2.609754 4.617651 7.268257 9.707075 10.27907 8.99947 7.04093 5.234751 3.959164 2.934609 2.17215 1.783845 1.036008 0.3443116 1.648488 2.956062 3.262028 3.714388 4.080967 3.095198 3.086134 2.59866 2.470176 2.838123 2.126722 2.559031 1.902858 1.506773 1.640353 1.632351 1.629435 1.815509 2.298667 1.027325 0.9545323 11.47939 17.63895
2.87175 2.912641 2.666868 2.014136 1.90857 2.399884 1.742934 1.790005 2.54774 3.189665 4.416494 5.209126 5.754267 5.759337 5.037065 3.83154 2.405024 1.644977 1.468938 1.762788 1.235115 1.14181 1.345451 0.62745 1.046494 2.221112 2.823116 2.712354 1.967823 1.36762 1.242518 1.277118 1.340909 1.521647 1.200006 0.9260269 2.029081 2.592502 1.586139 1.212846 1.259666 1.732836 2.852885 2.054598 2.663898 2.256635 1.411416 1.607236 0.6619377 0.9258075 0.9803084 0.7677521 0.4765135 0.8012959 1.851048 0.3061007 0.7671876 9.692118 12.4325
1.037088 1.594745 2.015397 2.20374 2.237211 1.98836 0.9957352 0.6617733 1.230731 0.6444301 0.1321112 0.5651244 1.45037 2.083682 1.87969 1.283859 0.9268707 0.8791798 1.155854 1.536769 1.144757 1.220862 1.223519 1.044401 1.60168 2.32784 1.104543 1.434813 1.416988 1.195148 1.205627 1.343649 1.876787 1.798984 1.518976 1.220917 1.648169 1.913242 1.489224 1.589132 1.548941 2.131105 2.884857 1.974468 1.776456 1.162831 1.040668 1.679145 0.6439087 0.8655086 0.7767422 0.8236532 0.4130446 0.6659213 1.640616 0.7015951 0.5924565 7.267747 9.929829
0.7476054 0.945511 1.216164 1.548707 1.800446 1.14521 0.8348441 0.3660003 0.6565597 0.8648087 0.8608255 0.6679254 0.3220602 0.4614851 0.8590315 0.9124829 0.8402422 0.8766669 1.129906 1.364004 1.419624 1.565708 1.797503 2.079516 2.401291 2.138585 0.9742606 1.197809 1.333624 1.161652 1.164474 1.443914 2.232358 2.456562 2.582091 2.475839 2.451614 2.971093 3.152983 2.90137 2.593846 2.677285 3.180745 2.655019 2.250718 1.629742 1.750003 2.082543 1.625414 2.424535 2.832524 2.966779 2.274525 1.848589 1.457895 0.9840764 0.5677062 5.113712 7.708081
1.182437 1.048983 0.7941278 0.6514794 0.9389627 0.6109849 0.7122709 0.7986361 0.8727689 0.7823117 0.8315679 0.9063272 0.8046377 0.8272537 0.8979025 0.7921932 0.8368039 0.9896122 1.118307 1.148591 1.255509 1.542621 1.739163 1.621187 1.653235 1.182771 0.6142668 0.8655327 1.08997 0.7572206 0.7405121 1.100062 1.696589 2.183994 2.748986 3.011298 3.076704 2.974746 2.673084 2.188902 2.00715 1.730644 1.90611 2.190773 2.769052 2.459123 1.780064 1.868906 1.029018 3.594014 3.533682 3.859272 2.595067 2.028486 1.433862 1.143464 0.4861903 3.369677 5.063577
1.364488 1.685962 1.828445 1.845501 1.675085 1.506395 1.612081 1.870469 2.041549 1.963269 1.712229 1.460007 1.094525 0.8096129 0.5265918 0.4348599 0.5695379 0.7280933 0.8957402 0.7356206 0.5534917 0.7877788 0.9628744 0.5604955 0.5567143 0.3934432 0.3079583 0.4197871 0.8586473 0.622022 0.407168 0.6838242 0.9243308 0.9503343 1.470693 1.57025 1.529945 1.43945 1.290019 1.233495 1.865305 1.73792 1.292118 1.333426 2.197013 1.881198 1.83311 2.642341 1.253429 3.39677 0.6086202 2.778215 1.117488 0.9948814 0.8556177 0.6297783 0.7232133 1.83099 3.690414
0.9117583 1.488233 1.931031 2.007157 1.815953 1.771484 1.816059 1.680692 1.510939 1.489246 1.509076 1.360104 1.007475 0.7800404 0.57629 0.607486 0.4721011 0.4497253 0.6364008 0.6126084 0.6883638 0.8594041 0.9144506 0.5089362 0.4588869 0.3258642 0.2184761 0.2709074 0.6920442 0.7595909 0.6882517 0.9023919 1.047866 0.7627006 0.9667651 1.034513 1.425436 1.635521 0.9995763 0.999228 1.812108 2.037612 1.738627 1.472422 2.001169 1.208138 1.660612 2.847149 1.478155 2.716552 0.4091536 2.123945 1.025483 0.9725971 1.013415 1.058527 1.258586 1.43701 2.059555
0.1465183 0.4540427 0.7106453 0.8887486 1.037725 1.168343 1.282272 1.290575 1.228568 1.280618 1.250844 0.9514326 0.6980728 0.501032 0.4292828 0.7105234 0.5979218 0.5810202 0.6952949 0.8800842 1.152764 1.15501 0.7933828 0.429021 0.4050982 0.195906 0.05580264 0.3017459 0.3435732 0.3416575 0.5327367 0.9044232 1.261312 1.008748 0.8705393 0.7470509 1.394967 1.648133 0.9381434 0.7587643 1.198211 1.55461 1.318943 1.183133 1.900465 1.375759 2.057449 2.066623 1.506572 1.631272 0.2112516 1.199763 1.248946 1.272857 1.296299 1.358164 1.407951 1.051134 1.072853
0.1125225 0.3850938 0.2743994 0.3962678 0.4336784 0.3659288 0.3030128 0.4369651 0.6694655 0.8332053 0.8072226 0.7934015 0.7228109 0.606948 0.5814316 0.8255945 0.9631401 1.18765 1.311911 1.111264 0.9152462 0.7490302 0.5854367 0.4808933 0.3822898 0.1560048 0.1598064 0.3290937 0.2507447 0.05851944 0.0778647 0.4780506 0.8798537 0.8727596 0.8182477 0.8346161 1.473887 1.529167 1.20578 1.387756 1.551948 1.834601 1.471143 1.335793 1.655366 1.912139 2.46943 2.241205 2.639893 1.928492 1.370897 1.380516 1.484826 1.636286 1.566368 1.304701 1.327102 1.365082 1.131205
0.0376543 0.3415335 0.4926466 0.307236 0.1077105 0.3101962 0.3524453 0.5149084 0.5892697 0.3801565 0.3446753 0.4763198 0.2595443 0.1214214 0.4645795 0.7124557 0.7309665 0.9025068 1.031327 0.813921 0.5569152 0.4629872 0.418127 0.3251857 0.1547967 0.2368985 0.1115561 0.3370112 0.3643215 0.0794635 0.2909603 0.5968705 0.6858564 0.572745 0.6251391 0.7598024 1.37734 1.409345 1.308824 1.393418 1.364665 1.697689 1.172403 1.317125 1.440444 2.126214 1.803676 1.744474 2.051502 1.818842 1.503155 1.412208 1.291998 1.301757 1.313972 1.184275 1.073461 1.364347 1.490676
0.09508186 0.3003642 0.5807392 0.2340319 0.1596071 0.2341317 0.1722774 0.2101741 0.6733626 0.5698575 0.5540521 0.5650799 0.2854116 0.2996355 0.1847052 0.3253708 0.1899987 0.1443119 0.4255889 0.3610653 0.04574203 0.1256162 0.161885 0.2624503 0.239968 0.3148016 0.03685237 0.1767154 0.3859367 0.2084557 0.4165121 0.5265743 0.5509986 0.4315157 0.3960972 0.6189376 1.032805 0.8460596 0.8084065 0.9507197 1.103953 1.332845 0.3785858 1.011037 1.530521 2.062107 1.012379 1.455381 0.6971191 0.6266457 0.6975099 1.015093 1.08667 0.8041204 0.7412523 0.8699564 0.6413124 0.8407072 0.7776861
1.67963 1.10427 0.3143313 0.2333113 0.2233057 0.2416088 0.1835781 0.1482105 0.7184053 0.5421286 0.5664918 0.4434846 0.2422617 0.3526616 0.2517622 0.1508707 0.3014618 0.2754566 0.4681215 0.9095741 1.037032 0.7580673 0.3209468 0.07791107 0.38794 0.5135871 0.2561728 0.1151957 0.2498607 0.292196 0.410429 0.458264 0.4905494 0.4981005 0.434775 0.6985113 0.9591055 0.5434564 0.4121079 0.7441459 1.396565 1.127333 0.4107515 1.47278 1.514151 1.436704 1.542384 1.634321 0.8379816 0.555271 0.4263063 0.4755731 0.8309543 0.6606843 0.7557463 0.9648429 0.7047646 0.7423571 0.4927001
